510.540 2542.540 0.000
515.130 2542.540 0.000
519.720 2542.540 0.000
524.310 2542.540 0.000
528.898 2542.619 0.049
533.471 2543.001 0.118
538.007 2543.696 0.186
542.485 2544.700 0.255
546.883 2546.011 0.324
551.180 2547.620 0.393
554.209 2549.494 0.423
557.193 2551.467 0.453
560.129 2553.539 0.484
563.014 2555.707 0.514
565.846 2557.970 0.544
568.621 2560.327 0.575
571.337 2562.776 0.605
573.991 2565.314 0.635
576.580 2567.940 0.785
580.041 2571.401 0.785
583.531 2574.832 0.756
587.178 2578.095 0.704
590.990 2581.164 0.652
594.956 2584.032 0.600
599.065 2586.690 0.548
603.306 2589.132 0.496
607.669 2591.351 0.445
612.140 2593.340 0.393
615.527 2595.033 0.393
618.913 2596.727 0.393
622.300 2598.420 0.393
625.687 2600.113 0.393
629.073 2601.807 0.393
632.460 2603.500 0.393
635.847 2605.193 0.393
639.233 2606.887 0.393
642.620 2608.580 0.393
646.007 2610.273 0.393
649.393 2611.967 0.393
652.780 2613.660 0.393
656.167 2615.353 0.393
659.553 2617.047 0.393
662.940 2618.740 0.393
666.327 2620.433 0.393
669.713 2622.127 0.393
673.100 2623.820 0.393
676.487 2625.513 0.393
679.873 2627.207 0.393
683.260 2628.900 0.393
686.647 2630.593 0.393
690.033 2632.287 0.393
693.420 2633.980 0.393
696.807 2635.673 0.393
700.193 2637.367 0.393
703.580 2639.060 0.393
706.967 2640.753 0.393
710.353 2642.447 0.393
713.740 2644.140 0.393
717.127 2645.833 0.393
720.513 2647.527 0.393
723.900 2649.220 0.393
727.287 2650.913 0.393
730.673 2652.607 0.393
734.060 2654.300 0.393
737.447 2655.993 0.393
740.833 2657.687 0.393
744.220 2659.380 0.393
747.607 2661.073 0.393
750.993 2662.767 0.393
754.380 2664.460 0.393
757.767 2666.153 0.393
761.153 2667.847 0.393
764.540 2669.540 0.393
767.927 2671.233 0.393
771.313 2672.927 0.393
774.700 2674.620 0.393
778.087 2676.313 0.393
781.473 2678.007 0.393
784.860 2679.700 0.393
788.247 2681.393 0.393
791.633 2683.087 0.393
795.020 2684.780 0.393
798.407 2686.473 0.393
801.793 2688.167 0.393
805.180 2689.860 0.393
808.567 2691.553 0.393
811.953 2693.247 0.393
815.340 2694.940 0.393
818.727 2696.633 0.393
822.113 2698.327 0.393
825.500 2700.020 0.393
828.887 2701.713 0.393
832.273 2703.407 0.393
835.660 2705.100 0.393
839.047 2706.793 0.393
842.433 2708.487 0.393
845.820 2710.180 0.393
849.207 2711.873 0.393
852.593 2713.567 0.393
855.980 2715.260 0.393
859.367 2716.953 0.393
862.753 2718.647 0.393
866.140 2720.340 0.393
869.527 2722.033 0.393
872.913 2723.727 0.393
876.300 2725.420 0.393
879.687 2727.113 0.393
883.073 2728.807 0.393
886.460 2730.500 0.393
889.847 2732.193 0.393
893.233 2733.887 0.393
896.620 2735.580 0.393
900.007 2737.273 0.393
903.393 2738.967 0.393
906.780 2740.660 0.393
910.167 2742.353 0.393
913.553 2744.047 0.393
916.940 2745.740 0.393
920.327 2747.433 0.393
923.713 2749.127 0.393
927.100 2750.820 0.393
930.487 2752.513 0.393
933.873 2754.207 0.393
937.260 2755.900 0.393
940.647 2757.593 0.393
944.033 2759.287 0.393
947.420 2760.980 0.393
950.807 2762.673 0.393
954.193 2764.367 0.393
957.580 2766.060 0.393
960.967 2767.753 0.393
964.353 2769.447 0.393
967.740 2771.140 0.393
971.127 2772.833 0.393
974.513 2774.527 0.393
977.900 2776.220 0.393
981.287 2777.913 0.393
984.673 2779.607 0.393
988.060 2781.300 0.393
991.447 2782.993 0.393
994.833 2784.687 0.393
998.220 2786.380 0.393
1001.607 2788.073 0.393
1004.993 2789.767 0.393
1008.380 2791.460 0.393
1011.767 2793.153 0.393
1015.153 2794.847 0.393
1018.540 2796.540 0.393
1021.927 2798.233 0.393
1025.313 2799.927 0.393
1028.700 2801.620 0.393
1032.087 2803.313 0.393
1035.473 2805.007 0.393
1038.860 2806.700 0.393
1042.247 2808.393 0.393
1045.633 2810.087 0.393
1049.020 2811.780 0.393
1052.407 2813.473 0.393
1055.793 2815.167 0.393
1059.180 2816.860 0.393
1062.567 2818.553 0.393
1065.953 2820.247 0.393
1069.340 2821.940 0.393
1072.727 2823.633 0.393
1076.113 2825.327 0.393
1079.500 2827.020 0.393
1082.887 2828.713 0.393
1086.273 2830.407 0.393
1089.660 2832.100 0.393
1093.047 2833.793 0.393
1096.433 2835.487 0.393
1099.820 2837.180 0.393
1103.207 2838.873 0.393
1106.593 2840.567 0.393
1109.980 2842.260 0.393
1113.367 2843.953 0.393
1116.753 2845.647 0.393
1120.140 2847.340 0.393
1123.527 2849.033 0.393
1126.913 2850.727 0.393
1130.300 2852.420 0.393
1133.687 2854.113 0.393
1137.073 2855.807 0.393
1140.460 2857.500 0.393
1143.847 2859.193 0.393
1147.233 2860.887 0.393
1150.620 2862.580 0.393
1154.007 2864.273 0.393
1157.393 2865.967 0.393
1160.780 2867.660 0.393
1164.167 2869.353 0.393
1167.553 2871.047 0.393
1170.940 2872.740 0.393
1174.327 2874.433 0.393
1177.713 2876.127 0.393
1181.100 2877.820 0.393
1184.487 2879.513 0.393
1187.873 2881.207 0.393
1191.260 2882.900 0.393
1192.389 2883.464 0.393
1193.518 2884.029 0.393
1194.647 2884.593 0.393
1195.776 2885.158 0.393
1196.904 2885.722 0.393
1198.033 2886.287 0.393
1199.162 2886.851 0.393
1200.291 2887.416 0.393
1201.420 2887.980 0.393
1202.549 2888.544 0.393
1203.678 2889.109 0.393
1204.807 2889.673 0.393
1205.936 2890.238 0.393
1207.064 2890.802 0.393
1208.193 2891.367 0.393
1209.322 2891.931 0.393
1210.451 2892.496 0.393
1211.580 2893.060 0.393
1214.609 2894.934 0.423
1217.593 2896.907 0.453
1220.529 2898.979 0.484
1223.414 2901.147 0.514
1226.246 2903.410 0.544
1229.021 2905.767 0.575
1231.737 2908.216 0.605
1234.391 2910.754 0.635
1236.980 2913.380 0.785
1237.544 2913.944 0.785
1238.109 2914.509 0.785
1238.673 2915.073 0.785
1239.238 2915.638 0.785
1239.802 2916.202 0.785
1240.367 2916.767 0.785
1240.931 2917.331 0.785
1241.496 2917.896 0.785
1242.060 2918.460 0.785
1242.624 2919.024 0.785
1243.189 2919.589 0.785
1243.753 2920.153 0.785
1244.318 2920.718 0.785
1244.882 2921.282 0.785
1245.447 2921.847 0.785
1246.011 2922.411 0.785
1246.576 2922.976 0.785
1247.140 2923.540 0.785
1250.601 2927.001 0.785
1254.091 2930.432 0.756
1257.738 2933.695 0.704
1261.550 2936.764 0.652
1265.516 2939.632 0.600
1269.625 2942.290 0.548
1273.866 2944.732 0.496
1278.229 2946.951 0.445
1282.700 2948.940 0.393
1286.087 2950.633 0.393
1289.473 2952.327 0.393
1292.860 2954.020 0.393
1296.247 2955.713 0.393
1299.633 2957.407 0.393
1303.020 2959.100 0.393
1306.407 2960.793 0.393
1309.793 2962.487 0.393
1313.180 2964.180 0.393
1316.567 2965.873 0.393
1319.953 2967.567 0.393
1323.340 2969.260 0.393
1326.727 2970.953 0.393
1330.113 2972.647 0.393
1333.500 2974.340 0.393
1336.887 2976.033 0.393
1340.273 2977.727 0.393
1343.660 2979.420 0.393
1347.047 2981.113 0.393
1350.433 2982.807 0.393
1353.820 2984.500 0.393
1357.207 2986.193 0.393
1360.593 2987.887 0.393
1363.980 2989.580 0.393
1367.367 2991.273 0.393
1370.753 2992.967 0.393
1374.140 2994.660 0.393
1377.527 2996.353 0.393
1380.913 2998.047 0.393
1384.300 2999.740 0.393
1387.687 3001.433 0.393
1391.073 3003.127 0.393
1394.460 3004.820 0.393
1397.847 3006.513 0.393
1401.233 3008.207 0.393
1404.620 3009.900 0.393
1408.007 3011.593 0.393
1411.393 3013.287 0.393
1414.780 3014.980 0.393
1418.167 3016.673 0.393
1421.553 3018.367 0.393
1424.940 3020.060 0.393
1428.327 3021.753 0.393
1431.713 3023.447 0.393
1435.100 3025.140 0.393
1438.487 3026.833 0.393
1441.873 3028.527 0.393
1445.260 3030.220 0.393
1448.647 3031.913 0.393
1452.033 3033.607 0.393
1455.420 3035.300 0.393
1458.807 3036.993 0.393
1462.193 3038.687 0.393
1465.580 3040.380 0.393
1468.967 3042.073 0.393
1472.353 3043.767 0.393
1475.740 3045.460 0.393
1479.127 3047.153 0.393
1482.513 3048.847 0.393
1485.900 3050.540 0.393
1489.287 3052.233 0.393
1492.673 3053.927 0.393
1496.060 3055.620 0.393
1499.447 3057.313 0.393
1502.833 3059.007 0.393
1506.220 3060.700 0.393
1509.607 3062.393 0.393
1512.993 3064.087 0.393
1516.380 3065.780 0.393
1519.767 3067.473 0.393
1523.153 3069.167 0.393
1526.540 3070.860 0.393
1529.927 3072.553 0.393
1533.313 3074.247 0.393
1536.700 3075.940 0.393
1540.087 3077.633 0.393
1543.473 3079.327 0.393
1546.860 3081.020 0.393
1550.247 3082.713 0.393
1553.633 3084.407 0.393
1557.020 3086.100 0.393
1560.407 3087.793 0.393
1563.793 3089.487 0.393
1567.180 3091.180 0.393
1570.567 3092.873 0.393
1573.953 3094.567 0.393
1577.340 3096.260 0.393
1580.727 3097.953 0.393
1584.113 3099.647 0.393
1587.500 3101.340 0.393
1590.887 3103.033 0.393
1594.273 3104.727 0.393
1597.660 3106.420 0.393
1601.047 3108.113 0.393
1604.433 3109.807 0.393
1607.820 3111.500 0.393
1611.207 3113.193 0.393
1614.593 3114.887 0.393
1617.980 3116.580 0.393
1621.367 3118.273 0.393
1624.753 3119.967 0.393
1628.140 3121.660 0.393
1631.527 3123.353 0.393
1634.913 3125.047 0.393
1638.300 3126.740 0.393
1641.687 3128.433 0.393
1645.073 3130.127 0.393
1648.460 3131.820 0.393
1651.847 3133.513 0.393
1655.233 3135.207 0.393
1658.620 3136.900 0.393
1662.007 3138.593 0.393
1665.393 3140.287 0.393
1668.780 3141.980 0.393
1672.167 3143.673 0.393
1675.553 3145.367 0.393
1678.940 3147.060 0.393
1682.327 3148.753 0.393
1685.713 3150.447 0.393
1689.100 3152.140 0.393
1692.487 3153.833 0.393
1695.873 3155.527 0.393
1699.260 3157.220 0.393
1702.647 3158.913 0.393
1706.033 3160.607 0.393
1709.420 3162.300 0.393
1712.807 3163.993 0.393
1716.193 3165.687 0.393
1719.580 3167.380 0.393
1722.967 3169.073 0.393
1726.353 3170.767 0.393
1729.740 3172.460 0.393
1733.127 3174.153 0.393
1736.513 3175.847 0.393
1739.900 3177.540 0.393
1743.287 3179.233 0.393
1746.673 3180.927 0.393
1750.060 3182.620 0.393
1753.447 3184.313 0.393
1756.833 3186.007 0.393
1760.220 3187.700 0.393
1763.607 3189.393 0.393
1766.993 3191.087 0.393
1770.380 3192.780 0.393
1773.767 3194.473 0.393
1777.153 3196.167 0.393
1780.540 3197.860 0.393
1783.927 3199.553 0.393
1787.313 3201.247 0.393
1790.700 3202.940 0.393
1794.087 3204.633 0.393
1797.473 3206.327 0.393
1800.860 3208.020 0.393
1804.247 3209.713 0.393
1807.633 3211.407 0.393
1811.020 3213.100 0.393
1814.407 3214.793 0.393
1817.793 3216.487 0.393
1821.180 3218.180 0.393
1824.567 3219.873 0.393
1827.953 3221.567 0.393
1831.340 3223.260 0.393
1832.469 3223.824 0.393
1833.598 3224.389 0.393
1834.727 3224.953 0.393
1835.856 3225.518 0.393
1836.984 3226.082 0.393
1838.113 3226.647 0.393
1839.242 3227.211 0.393
1840.371 3227.776 0.393
1841.500 3228.340 0.393
1842.629 3228.904 0.393
1843.758 3229.469 0.393
1844.887 3230.033 0.393
1846.016 3230.598 0.393
1847.144 3231.162 0.393
1848.273 3231.727 0.393
1849.402 3232.291 0.393
1850.531 3232.856 0.393
1851.660 3233.420 0.393
1854.689 3235.294 0.423
1857.673 3237.267 0.453
1860.609 3239.339 0.484
1863.494 3241.507 0.514
1866.326 3243.771 0.544
1869.101 3246.127 0.575
1871.817 3248.576 0.605
1874.471 3251.114 0.635
1877.060 3253.740 0.785
1880.521 3257.201 0.785
1884.011 3260.632 0.756
1887.659 3263.895 0.704
1891.470 3266.964 0.652
1895.436 3269.832 0.600
1899.545 3272.490 0.548
1903.786 3274.932 0.496
1908.149 3277.151 0.445
1912.620 3279.140 0.393
1915.649 3281.014 0.423
1918.633 3282.987 0.453
1921.569 3285.059 0.484
1924.454 3287.227 0.514
1927.286 3289.490 0.544
1930.061 3291.847 0.575
1932.777 3294.296 0.605
1935.431 3296.834 0.635
1938.020 3299.460 0.785
1941.481 3302.921 0.785
1944.971 3306.352 0.756
1948.619 3309.615 0.704
1952.430 3312.684 0.652
1956.396 3315.552 0.600
1960.505 3318.210 0.548
1964.746 3320.652 0.496
1969.109 3322.871 0.445
1973.580 3324.860 0.393
1976.609 3326.734 0.423
1979.593 3328.707 0.453
1982.529 3330.779 0.484
1985.414 3332.947 0.514
1988.246 3335.211 0.544
1991.021 3337.567 0.575
1993.737 3340.016 0.605
1996.391 3342.554 0.635
1998.980 3345.180 0.785
2002.441 3348.641 0.785
2005.931 3352.072 0.756
2009.579 3355.335 0.704
2013.390 3358.404 0.652
2017.356 3361.272 0.600
2021.465 3363.930 0.548
2025.706 3366.372 0.496
2030.069 3368.591 0.445
2034.540 3370.580 0.393
2037.927 3372.273 0.393
2041.313 3373.967 0.393
2044.700 3375.660 0.393
2048.087 3377.353 0.393
2051.473 3379.047 0.393
2054.860 3380.740 0.393
2058.247 3382.433 0.393
2061.633 3384.127 0.393
2065.020 3385.820 0.393
2068.407 3387.513 0.393
2071.793 3389.207 0.393
2075.180 3390.900 0.393
2078.567 3392.593 0.393
2081.953 3394.287 0.393
2085.340 3395.980 0.393
2088.727 3397.673 0.393
2092.113 3399.367 0.393
2095.500 3401.060 0.393
2098.887 3402.753 0.393
2102.273 3404.447 0.393
2105.660 3406.140 0.393
2109.047 3407.833 0.393
2112.433 3409.527 0.393
2115.820 3411.220 0.393
2119.207 3412.913 0.393
2122.593 3414.607 0.393
2125.980 3416.300 0.393
2129.367 3417.993 0.393
2132.753 3419.687 0.393
2136.140 3421.380 0.393
2139.527 3423.073 0.393
2142.913 3424.767 0.393
2146.300 3426.460 0.393
2149.687 3428.153 0.393
2153.073 3429.847 0.393
2156.460 3431.540 0.393
2160.289 3433.126 0.393
2164.117 3434.712 0.393
2167.946 3436.298 0.393
2171.778 3437.874 0.374
2175.689 3439.241 0.299
2179.692 3440.312 0.224
2183.763 3441.082 0.149
2187.880 3441.545 0.075
2192.020 3441.700 0.000
2196.610 3441.700 0.000
2201.200 3441.700 0.000
2205.789 3441.700 0.000
2210.378 3441.779 0.049
2214.951 3442.161 0.118
2219.487 3442.856 0.186
2223.965 3443.860 0.255
2228.363 3445.171 0.324
2232.660 3446.780 0.393
2236.489 3448.366 0.393
2240.317 3449.952 0.393
2244.146 3451.538 0.393
2247.978 3453.114 0.374
2251.889 3454.481 0.299
2255.892 3455.552 0.224
2259.963 3456.322 0.149
2264.080 3456.785 0.075
2268.220 3456.940 0.000
2272.810 3456.940 0.000
2277.400 3456.940 0.000
2281.989 3456.940 0.000
2286.578 3457.019 0.049
2291.151 3457.401 0.118
2295.687 3458.096 0.186
2300.165 3459.101 0.255
2304.562 3460.411 0.324
2308.860 3462.020 0.393
2312.689 3463.606 0.393
2316.517 3465.192 0.393
2320.346 3466.778 0.393
2324.178 3468.354 0.374
2328.089 3469.721 0.299
2332.092 3470.792 0.224
2336.163 3471.562 0.149
2340.280 3472.025 0.075
2344.420 3472.180 0.000
2348.936 3472.180 0.000
2353.451 3472.180 0.000
2357.967 3472.180 0.000
2362.482 3472.180 0.000
2366.998 3472.180 0.000
2371.513 3472.180 0.000
2376.029 3472.180 0.000
2380.544 3472.180 0.000
2385.060 3472.180 0.000
2389.650 3472.180 0.000
2394.240 3472.180 0.000
2398.829 3472.180 0.000
2403.418 3472.259 0.049
2407.991 3472.641 0.118
2412.527 3473.336 0.186
2417.005 3474.340 0.255
2421.403 3475.651 0.324
2425.700 3477.260 0.393
2429.529 3478.846 0.393
2433.357 3480.432 0.393
2437.186 3482.018 0.393
2441.018 3483.594 0.374
2444.929 3484.961 0.299
2448.932 3486.032 0.224
2453.003 3486.802 0.149
2457.120 3487.265 0.075
2461.260 3487.420 0.000
2465.776 3487.420 0.000
2470.291 3487.420 0.000
2474.807 3487.420 0.000
2479.322 3487.420 0.000
2483.838 3487.420 0.000
2488.353 3487.420 0.000
2492.869 3487.420 0.000
2497.384 3487.420 0.000
2501.900 3487.420 0.000
2506.416 3487.420 0.000
2510.931 3487.420 0.000
2515.447 3487.420 0.000
2519.962 3487.420 0.000
2524.478 3487.420 0.000
2528.993 3487.420 0.000
2533.509 3487.420 0.000
2538.024 3487.420 0.000
2542.540 3487.420 0.000
2547.130 3487.420 0.000
2551.720 3487.420 0.000
2556.309 3487.420 0.000
2560.898 3487.499 0.049
2565.471 3487.881 0.118
2570.007 3488.576 0.186
2574.485 3489.581 0.255
2578.883 3490.891 0.324
2583.180 3492.500 0.393
2587.009 3494.086 0.393
2590.837 3495.672 0.393
2594.666 3497.258 0.393
2598.498 3498.834 0.374
2602.409 3500.201 0.299
2606.412 3501.272 0.224
2610.483 3502.042 0.149
2614.600 3502.505 0.075
2618.740 3502.660 0.000
2623.256 3502.660 0.000
2627.771 3502.660 0.000
2632.287 3502.660 0.000
2636.802 3502.660 0.000
2641.318 3502.660 0.000
2645.833 3502.660 0.000
2650.349 3502.660 0.000
2654.864 3502.660 0.000
2659.380 3502.660 0.000
2663.896 3502.660 0.000
2668.411 3502.660 0.000
2672.927 3502.660 0.000
2677.442 3502.660 0.000
2681.958 3502.660 0.000
2686.473 3502.660 0.000
2690.989 3502.660 0.000
2695.504 3502.660 0.000
2700.020 3502.660 0.000
2704.536 3502.660 0.000
2709.051 3502.660 0.000
2713.567 3502.660 0.000
2718.082 3502.660 0.000
2722.598 3502.660 0.000
2727.113 3502.660 0.000
2731.629 3502.660 0.000
2736.144 3502.660 0.000
2740.660 3502.660 0.000
2745.176 3502.660 0.000
2749.691 3502.660 0.000
2754.207 3502.660 0.000
2758.722 3502.660 0.000
2763.238 3502.660 0.000
2767.753 3502.660 0.000
2772.269 3502.660 0.000
2776.784 3502.660 0.000
2781.300 3502.660 0.000
2785.816 3502.660 0.000
2790.331 3502.660 0.000
2794.847 3502.660 0.000
2799.362 3502.660 0.000
2803.878 3502.660 0.000
2808.393 3502.660 0.000
2812.909 3502.660 0.000
2817.424 3502.660 0.000
2821.940 3502.660 0.000
2826.456 3502.660 0.000
2830.971 3502.660 0.000
2835.487 3502.660 0.000
2840.002 3502.660 0.000
2844.518 3502.660 0.000
2849.033 3502.660 0.000
2853.549 3502.660 0.000
2858.064 3502.660 0.000
2862.580 3502.660 0.000
2867.096 3502.660 0.000
2871.611 3502.660 0.000
2876.127 3502.660 0.000
2880.642 3502.660 0.000
2885.158 3502.660 0.000
2889.673 3502.660 0.000
2894.189 3502.660 0.000
2898.704 3502.660 0.000
2903.220 3502.660 0.000
2907.736 3502.660 0.000
2912.251 3502.660 0.000
2916.767 3502.660 0.000
2921.282 3502.660 0.000
2925.798 3502.660 0.000
2930.313 3502.660 0.000
2934.829 3502.660 0.000
2939.344 3502.660 0.000
2943.860 3502.660 0.000
2948.376 3502.660 0.000
2952.891 3502.660 0.000
2957.407 3502.660 0.000
2961.922 3502.660 0.000
2966.438 3502.660 0.000
2970.953 3502.660 0.000
2975.469 3502.660 0.000
2979.984 3502.660 0.000
2984.500 3502.660 0.000
2989.016 3502.660 0.000
2993.531 3502.660 0.000
2998.047 3502.660 0.000
3002.562 3502.660 0.000
3007.078 3502.660 0.000
3011.593 3502.660 0.000
3016.109 3502.660 0.000
3020.624 3502.660 0.000
3025.140 3502.660 0.000
3029.656 3502.660 0.000
3034.171 3502.660 0.000
3038.687 3502.660 0.000
3043.202 3502.660 0.000
3047.718 3502.660 0.000
3052.233 3502.660 0.000
3056.749 3502.660 0.000
3061.264 3502.660 0.000
3065.780 3502.660 0.000
3070.296 3502.660 0.000
3074.811 3502.660 0.000
3079.327 3502.660 0.000
3083.842 3502.660 0.000
3088.358 3502.660 0.000
3092.873 3502.660 0.000
3097.389 3502.660 0.000
3101.904 3502.660 0.000
3106.420 3502.660 0.000
3110.936 3502.660 0.000
3115.451 3502.660 0.000
3119.967 3502.660 0.000
3124.482 3502.660 0.000
3128.998 3502.660 0.000
3133.513 3502.660 0.000
3138.029 3502.660 0.000
3142.544 3502.660 0.000
3147.060 3502.660 0.000
3151.576 3502.660 0.000
3156.091 3502.660 0.000
3160.607 3502.660 0.000
3165.122 3502.660 0.000
3169.638 3502.660 0.000
3174.153 3502.660 0.000
3178.669 3502.660 0.000
3183.184 3502.660 0.000
3187.700 3502.660 0.000
3192.216 3502.660 0.000
3196.731 3502.660 0.000
3201.247 3502.660 0.000
3205.762 3502.660 0.000
3210.278 3502.660 0.000
3214.793 3502.660 0.000
3219.309 3502.660 0.000
3223.824 3502.660 0.000
3228.340 3502.660 0.000
3232.856 3502.660 0.000
3237.371 3502.660 0.000
3241.887 3502.660 0.000
3246.402 3502.660 0.000
3250.918 3502.660 0.000
3255.433 3502.660 0.000
3259.949 3502.660 0.000
3264.464 3502.660 0.000
3268.980 3502.660 0.000
3273.496 3502.660 0.000
3278.011 3502.660 0.000
3282.527 3502.660 0.000
3287.042 3502.660 0.000
3291.558 3502.660 0.000
3296.073 3502.660 0.000
3300.589 3502.660 0.000
3305.104 3502.660 0.000
3309.620 3502.660 0.000
3314.136 3502.660 0.000
3318.651 3502.660 0.000
3323.167 3502.660 0.000
3327.682 3502.660 0.000
3332.198 3502.660 0.000
3336.713 3502.660 0.000
3341.229 3502.660 0.000
3345.744 3502.660 0.000
3350.260 3502.660 0.000
3354.776 3502.660 0.000
3359.291 3502.660 0.000
3363.807 3502.660 0.000
3368.322 3502.660 0.000
3372.838 3502.660 0.000
3377.353 3502.660 0.000
3381.869 3502.660 0.000
3386.384 3502.660 0.000
3390.900 3502.660 0.000
3395.416 3502.660 0.000
3399.931 3502.660 0.000
3404.447 3502.660 0.000
3408.962 3502.660 0.000
3413.478 3502.660 0.000
3417.993 3502.660 0.000
3422.509 3502.660 0.000
3427.024 3502.660 0.000
3431.540 3502.660 0.000
3436.056 3502.660 0.000
3440.571 3502.660 0.000
3445.087 3502.660 0.000
3449.602 3502.660 0.000
3454.118 3502.660 0.000
3458.633 3502.660 0.000
3463.149 3502.660 0.000
3467.664 3502.660 0.000
3472.180 3502.660 0.000
3476.770 3502.660 0.000
3481.360 3502.660 0.000
3485.949 3502.660 0.000
3490.538 3502.739 0.049
3495.111 3503.121 0.118
3499.647 3503.816 0.186
3504.125 3504.820 0.255
3508.523 3506.131 0.324
3512.820 3507.740 0.393
3516.649 3509.326 0.393
3520.477 3510.912 0.393
3524.306 3512.498 0.393
3528.138 3514.074 0.374
3532.049 3515.441 0.299
3536.052 3516.512 0.224
3540.123 3517.282 0.149
3544.240 3517.745 0.075
3548.380 3517.900 0.000
3552.970 3517.900 0.000
3557.560 3517.900 0.000
3562.149 3517.900 0.000
3566.738 3517.979 0.049
3571.311 3518.361 0.118
3575.847 3519.056 0.186
3580.325 3520.061 0.255
3584.723 3521.371 0.324
3589.020 3522.980 0.393
3592.849 3524.566 0.393
3596.677 3526.152 0.393
3600.506 3527.738 0.393
3604.338 3529.314 0.374
3608.249 3530.681 0.299
3612.252 3531.752 0.224
3616.323 3532.522 0.149
3620.440 3532.985 0.075
3624.580 3533.140 0.000
3629.170 3533.140 0.000
3633.760 3533.140 0.000
3638.349 3533.140 0.000
3642.938 3533.219 0.049
3647.511 3533.601 0.118
3652.047 3534.296 0.186
3656.525 3535.300 0.255
3660.923 3536.611 0.324
3665.220 3538.220 0.393
3669.049 3539.806 0.393
3672.877 3541.392 0.393
3676.706 3542.978 0.393
3680.538 3544.554 0.374
3684.449 3545.921 0.299
3688.452 3546.992 0.224
3692.523 3547.762 0.149
3696.640 3548.225 0.075
3700.780 3548.380 0.000
3705.370 3548.380 0.000
3709.960 3548.380 0.000
3714.550 3548.380 0.000
3719.138 3548.459 0.049
3723.711 3548.841 0.118
3728.247 3549.536 0.186
3732.725 3550.541 0.255
3737.123 3551.851 0.324
3741.420 3553.460 0.393
3745.249 3555.046 0.393
3749.077 3556.632 0.393
3752.906 3558.218 0.393
3756.738 3559.794 0.374
3760.649 3561.161 0.299
3764.652 3562.232 0.224
3768.723 3563.002 0.149
3772.840 3563.465 0.075
3776.980 3563.620 0.000
3781.570 3563.620 0.000
3786.160 3563.620 0.000
3790.749 3563.620 0.000
3795.338 3563.699 0.049
3799.911 3564.081 0.118
3804.447 3564.776 0.186
3808.925 3565.780 0.255
3813.323 3567.091 0.324
3817.620 3568.700 0.393
3821.449 3570.286 0.393
3825.277 3571.872 0.393
3829.106 3573.458 0.393
3832.938 3575.034 0.374
3836.849 3576.401 0.299
3840.852 3577.472 0.224
3844.923 3578.242 0.149
3849.040 3578.705 0.075
3853.180 3578.860 0.000
3857.770 3578.860 0.000
3862.360 3578.860 0.000
3866.949 3578.860 0.000
3871.538 3578.939 0.049
3876.111 3579.321 0.118
3880.647 3580.016 0.186
3885.125 3581.021 0.255
3889.523 3582.331 0.324
3893.820 3583.940 0.393
3897.649 3585.526 0.393
3901.477 3587.112 0.393
3905.306 3588.698 0.393
3909.138 3590.274 0.374
3913.049 3591.641 0.299
3917.052 3592.712 0.224
3921.123 3593.482 0.149
3925.240 3593.945 0.075
3929.380 3594.100 0.000
3933.896 3594.100 0.000
3938.411 3594.100 0.000
3942.927 3594.100 0.000
3947.442 3594.100 0.000
3951.958 3594.100 0.000
3956.473 3594.100 0.000
3960.989 3594.100 0.000
3965.504 3594.100 0.000
3970.020 3594.100 0.000
3974.536 3594.100 0.000
3979.051 3594.100 0.000
3983.567 3594.100 0.000
3988.082 3594.100 0.000
3992.598 3594.100 0.000
3997.113 3594.100 0.000
4001.629 3594.100 0.000
4006.144 3594.100 0.000
4010.660 3594.100 0.000
4015.176 3594.100 0.000
4019.691 3594.100 0.000
4024.207 3594.100 0.000
4028.722 3594.100 0.000
4033.238 3594.100 0.000
4037.753 3594.100 0.000
4042.269 3594.100 0.000
4046.784 3594.100 0.000
4051.300 3594.100 0.000
4055.890 3594.100 0.000
4060.480 3594.100 0.000
4065.070 3594.100 0.000
4069.658 3594.179 0.049
4074.231 3594.561 0.118
4078.767 3595.256 0.186
4083.245 3596.260 0.255
4087.643 3597.571 0.324
4091.940 3599.180 0.393
4095.769 3600.766 0.393
4099.597 3602.352 0.393
4103.426 3603.938 0.393
4107.258 3605.514 0.374
4111.169 3606.881 0.299
4115.172 3607.952 0.224
4119.243 3608.722 0.149
4123.360 3609.185 0.075
4127.500 3609.340 0.000
4132.016 3609.340 0.000
4136.531 3609.340 0.000
4141.047 3609.340 0.000
4145.562 3609.340 0.000
4150.078 3609.340 0.000
4154.593 3609.340 0.000
4159.109 3609.340 0.000
4163.624 3609.340 0.000
4168.140 3609.340 0.000
4172.656 3609.340 0.000
4177.171 3609.340 0.000
4181.687 3609.340 0.000
4186.202 3609.340 0.000
4190.718 3609.340 0.000
4195.233 3609.340 0.000
4199.749 3609.340 0.000
4204.264 3609.340 0.000
4208.780 3609.340 0.000
4213.296 3609.340 0.000
4217.811 3609.340 0.000
4222.327 3609.340 0.000
4226.842 3609.340 0.000
4231.358 3609.340 0.000
4235.873 3609.340 0.000
4240.389 3609.340 0.000
4244.904 3609.340 0.000
4249.420 3609.340 0.000
4253.936 3609.340 0.000
4258.451 3609.340 0.000
4262.967 3609.340 0.000
4267.482 3609.340 0.000
4271.998 3609.340 0.000
4276.513 3609.340 0.000
4281.029 3609.340 0.000
4285.544 3609.340 0.000
4290.060 3609.340 0.000
4294.576 3609.340 0.000
4299.091 3609.340 0.000
4303.607 3609.340 0.000
4308.122 3609.340 0.000
4312.638 3609.340 0.000
4317.153 3609.340 0.000
4321.669 3609.340 0.000
4326.184 3609.340 0.000
4330.700 3609.340 0.000
4335.216 3609.340 0.000
4339.731 3609.340 0.000
4344.247 3609.340 0.000
4348.762 3609.340 0.000
4353.278 3609.340 0.000
4357.793 3609.340 0.000
4362.309 3609.340 0.000
4366.824 3609.340 0.000
4371.340 3609.340 0.000
4375.856 3609.340 0.000
4380.371 3609.340 0.000
4384.887 3609.340 0.000
4389.402 3609.340 0.000
4393.918 3609.340 0.000
4398.433 3609.340 0.000
4402.949 3609.340 0.000
4407.464 3609.340 0.000
4411.980 3609.340 0.000
4416.496 3609.340 0.000
4421.011 3609.340 0.000
4425.527 3609.340 0.000
4430.042 3609.340 0.000
4434.558 3609.340 0.000
4439.073 3609.340 0.000
4443.589 3609.340 0.000
4448.104 3609.340 0.000
4452.620 3609.340 0.000
4457.136 3609.340 0.000
4461.651 3609.340 0.000
4466.167 3609.340 0.000
4470.682 3609.340 0.000
4475.198 3609.340 0.000
4479.713 3609.340 0.000
4484.229 3609.340 0.000
4488.744 3609.340 0.000
4493.260 3609.340 0.000
4497.776 3609.340 0.000
4502.291 3609.340 0.000
4506.807 3609.340 0.000
4511.322 3609.340 0.000
4515.838 3609.340 0.000
4520.353 3609.340 0.000
4524.869 3609.340 0.000
4529.384 3609.340 0.000
4533.900 3609.340 0.000
4538.416 3609.340 0.000
4542.931 3609.340 0.000
4547.447 3609.340 0.000
4551.962 3609.340 0.000
4556.478 3609.340 0.000
4560.993 3609.340 0.000
4565.509 3609.340 0.000
4570.024 3609.340 0.000
